# Physiological Plant Ecology  I, Springer, DOI: 10.1007/978-3-642-68090-8
Wavelength	Chlorophyll a	Chlorophyll b
380.2	--	--
380.4	--	--
380.6	--	--
380.8	--	--
380.9	--	--
381.1	--	--
381.3	--	--
381.5	--	--
381.7	--	--
381.9	--	--
382.1	--	--
382.3	--	--
382.4	--	--
382.6	--	--
382.8	--	--
383	--	--
383.2	--	--
383.4	--	--
383.6	0.3017	--
383.8	0.30192	--
384	0.30222	--
384.1	0.30259	--
384.3	0.30304	--
384.5	0.30357	--
384.7	0.30417	--
384.9	0.30484	--
385.1	0.30559	--
385.3	0.30641	--
385.5	0.30731	--
385.6	0.30828	--
385.8	0.30933	--
386	0.31061	--
386.2	0.312	--
386.4	0.31325	--
386.6	0.31461	--
386.8	0.316	--
387	0.31722	--
387.2	0.31871	--
387.3	0.32027	--
387.5	0.32185	--
387.7	0.32324	--
387.9	0.32471	--
388.1	0.32621	--
388.3	0.32767	--
388.5	0.32889	--
388.7	0.33007	--
388.8	0.33129	--
389	0.33243	--
389.2	0.33369	--
389.4	0.33496	--
389.6	0.33618	--
389.8	0.3375	--
390	0.33891	--
390.2	0.34035	--
390.4	0.34181	--
390.5	0.3434	--
390.7	0.34503	--
390.9	0.34653	--
391.1	0.34807	--
391.3	0.34967	--
391.5	0.35126	--
391.7	0.35284	--
391.9	0.3545	--
392	0.35616	--
392.2	0.35761	--
392.4	0.35923	--
392.6	0.36091	--
392.8	0.36257	--
393	0.36373	--
393.2	0.36522	--
393.4	0.36674	--
393.6	0.36803	--
393.7	0.36958	--
393.9	0.37126	--
394.1	0.373	--
394.3	0.37468	--
394.5	0.37664	--
394.7	0.37867	--
394.9	0.38053	--
395.1	0.38238	--
395.2	0.38438	--
395.4	0.38642	--
395.6	0.38826	--
395.8	0.39045	--
396	0.39272	--
396.2	0.39486	--
396.4	0.39694	--
396.6	0.39911	--
396.8	0.40128	--
396.9	0.40314	--
397.1	0.40516	--
397.3	0.40725	--
397.5	0.40923	--
397.7	0.4115	--
397.9	0.41386	--
398.1	0.41622	--
398.3	0.41843	--
398.4	0.4209	--
398.6	0.42342	--
398.8	0.42591	--
399	0.42835	--
399.2	0.43079	--
399.4	0.43311	--
399.6	0.43529	--
399.8	0.43757	--
400	0.4398	--
400.1	0.44188	--
400.3	0.44397	--
400.5	0.44598	--
400.7	0.44782	--
400.9	0.44945	--
401.1	0.45129	--
401.3	0.45296	--
401.5	0.45437	--
401.6	0.45602	--
401.8	0.45764	--
402	0.45905	--
402.2	0.4603	--
402.4	0.46158	--
402.6	0.46263	--
402.8	0.4634	--
403	0.46434	--
403.2	0.46518	--
403.3	0.4658	--
403.5	0.46624	--
403.7	0.4669	--
403.9	0.46725	--
404.1	0.46728	--
404.3	0.46734	--
404.5	0.46729	--
404.7	0.46696	--
404.8	0.46637	--
405	0.46601	--
405.2	0.46542	--
405.4	0.46461	--
405.6	0.46389	--
405.8	0.463	--
406	0.46198	--
406.2	0.46089	--
406.4	0.45968	--
406.5	0.45844	--
406.7	0.4572	--
406.9	0.456	--
407.1	0.45485	--
407.3	0.45379	--
407.5	0.45283	--
407.7	0.45196	--
407.9	0.45127	--
408	0.45078	--
408.2	0.45033	--
408.4	0.44986	--
408.6	0.44958	--
408.8	0.44942	--
409	0.44912	--
409.2	0.44905	0.16212
409.4	0.44921	0.16303
409.6	0.44941	0.16396
409.7	0.44962	0.16491
409.9	0.45005	0.16588
410.1	0.45058	0.16688
410.3	0.45095	0.1679
410.5	0.45155	0.16894
410.7	0.45236	0.17
410.9	0.4531	0.17109
411.1	0.45406	0.17219
411.2	0.45521	0.17332
411.4	0.45652	0.17447
411.6	0.45751	0.17554
411.8	0.45875	0.17675
412	0.46016	0.178
412.2	0.4615	0.17928
412.4	0.46283	0.18064
412.6	0.46436	0.18206
412.8	0.46601	0.18347
412.9	0.46743	0.18462
413.1	0.46908	0.18589
413.3	0.47086	0.18722
413.5	0.47255	0.18861
413.7	0.47437	0.19012
413.9	0.47641	0.19172
414.1	0.47857	0.19334
414.3	0.48057	0.19474
414.4	0.48283	0.19634
414.6	0.48521	0.19799
414.8	0.48758	0.19977
415	0.49007	0.20133
415.2	0.49273	0.2029
415.4	0.49543	0.20439
415.6	0.49788	0.20563
415.8	0.50052	0.20722
416	0.50321	0.20888
416.1	0.5057	0.21051
416.3	0.50816	0.21219
416.5	0.51079	0.21393
416.7	0.51346	0.21567
416.9	0.51573	0.21701
417.1	0.51836	0.21861
417.3	0.52116	0.22026
417.5	0.5238	0.22177
417.6	0.52669	0.22361
417.8	0.52979	0.2256
418	0.53295	0.22766
418.2	0.53591	0.22934
418.4	0.53931	0.23133
418.6	0.54286	0.23341
418.8	0.54637	0.23546
419	0.54973	0.23751
419.2	0.55333	0.23972
419.3	0.557	0.242
419.5	0.56044	0.24398
419.7	0.5642	0.24626
419.9	0.56801	0.24855
420.1	0.57167	0.2507
420.3	0.5751	0.2529
420.5	0.57867	0.25523
420.7	0.58221	0.2576
420.8	0.58528	0.25951
421	0.58867	0.26168
421.2	0.59216	0.26392
421.4	0.59557	0.26609
421.6	0.59902	0.26841
421.8	0.60279	0.27089
422	0.60659	0.27342
422.2	0.61035	0.27584
422.4	0.61441	0.27835
422.5	0.61844	0.28091
422.7	0.62225	0.28342
422.9	0.62612	0.28585
423.1	0.62997	0.28846
423.3	0.63364	0.2911
423.5	0.63681	0.29358
423.7	0.64043	0.2963
423.9	0.64388	0.29906
424	0.64701	0.30174
424.2	0.65005	0.30405
424.4	0.65297	0.30653
424.6	0.65556	0.30901
424.8	0.6576	0.31126
425	0.65996	0.31359
425.2	0.66211	0.31607
425.4	0.66392	0.31857
425.6	0.66593	0.32114
425.7	0.66804	0.32402
425.9	0.66987	0.32697
426.1	0.67133	0.32971
426.3	0.67326	0.33282
426.5	0.67496	0.33599
426.7	0.67638	0.33907
426.9	0.67779	0.34191
427.1	0.67905	0.34497
427.2	0.68002	0.34796
427.4	0.68074	0.35067
427.6	0.68174	0.35377
427.8	0.68243	0.35677
428	0.68277	0.35955
428.2	0.68333	0.36197
428.4	0.6837	0.3644
428.6	0.68364	0.36655
428.8	0.68339	0.36829
428.9	0.68364	0.37044
429.1	0.68326	0.37233
429.3	0.68231	0.37385
429.5	0.68173	0.37526
429.7	0.68075	0.37685
429.9	0.67914	0.37815
430.1	0.67719	0.37911
430.3	0.6753	0.38042
430.4	0.67266	0.38143
430.6	0.66941	0.38211
430.8	0.66663	0.38293
431	0.66325	0.38369
431.2	0.6591	0.384
431.4	0.65458	0.38386
431.6	0.65023	0.38421
431.8	0.64522	0.38412
432	0.63973	0.3836
432.1	0.63504	0.38321
432.3	0.62998	0.38259
432.5	0.62426	0.38143
432.7	0.61822	0.37987
432.9	0.61276	0.37866
433.1	0.60656	0.37691
433.3	0.59999	0.37468
433.5	0.59404	0.37243
433.6	0.58745	0.36993
433.8	0.58026	0.36701
434	0.57278	0.36379
434.2	0.56529	0.36059
434.4	0.55718	0.3572
434.6	0.54887	0.35372
434.8	0.5413	0.35037
435	0.53328	0.34694
435.2	0.52502	0.34366
435.3	0.51691	0.34064
435.5	0.50884	0.33769
435.7	0.50029	0.33484
435.9	0.49182	0.33237
436.1	0.48416	0.33036
436.3	0.47672	0.3283
436.5	0.46923	0.32668
436.7	0.46267	0.32559
436.8	0.45572	0.32446
437	0.44789	0.32351
437.2	0.44001	0.32299
437.4	0.43274	0.32267
437.6	0.42451	0.32217
437.8	0.4163	0.322
438	0.40847	0.32217
438.2	0.40057	0.32225
438.4	0.39202	0.3223
438.5	0.38373	0.32251
438.7	0.37614	0.32289
438.9	0.36855	0.32291
439.1	0.36157	0.32309
439.3	0.35509	0.32341
439.5	0.34905	0.32343
439.7	0.34247	0.32365
439.9	0.33618	0.32406
440	0.33063	0.32453
440.2	0.32536	0.32482
440.4	0.32019	0.32539
440.6	0.31542	0.32621
440.8	0.31108	0.32684
441	0.3058	0.3277
441.2	0.30064	0.32889
441.4	0.29515	0.33024
441.6	0.28935	0.33138
441.7	0.28327	0.33294
441.9	0.27716	0.33483
442.1	0.27118	0.33666
442.3	0.26474	0.33884
442.5	0.25834	0.34144
442.7	0.25224	0.34427
442.9	0.24636	0.34672
443.1	0.24055	0.34961
443.2	0.23508	0.35281
443.4	0.2304	0.35561
443.6	0.22549	0.35888
443.8	0.22055	0.36247
444	0.21611	0.36605
444.2	0.21175	0.36911
444.4	0.20747	0.37273
444.6	0.20348	0.37673
444.8	0.20002	0.38015
444.9	0.19576	0.38409
445.1	0.19159	0.38862
445.3	0.1877	0.39343
445.5	0.1838	0.39791
445.7	0.17981	0.40321
445.9	0.17599	0.40897
446.1	0.17266	0.41438
446.3	0.16871	0.42051
446.4	0.16478	0.42711
446.6	0.16103	0.43392
446.8	0.15738	0.44013
447	0.1536	0.44704
447.2	0.14997	0.45424
447.4	0.14692	0.46097
447.6	0.14315	0.468
447.8	0.13952	0.47538
448	0.13617	0.4828
448.1	0.13307	0.48898
448.3	0.1299	0.49579
448.5	0.12698	0.50288
448.7	0.12453	0.50953
448.9	0.12157	0.51685
449.1	0.11871	0.52463
449.3	0.1161	0.53248
449.5	0.1136	0.54014
449.6	0.11102	0.54873
449.8	0.10869	0.55754
450	0.10674	0.56586
450.2	0.10454	0.57465
450.4	0.10253	0.58384
450.6	0.10079	0.59302
450.8	0.09919	0.60157
451	0.09747	0.61079
451.2	0.09593	0.61999
451.3	0.09465	0.62849
451.5	0.09314	0.63726
451.7	0.0917	0.64611
451.9	0.0904	0.65466
452.1	0.08891	0.6617
452.3	0.08761	0.66966
452.5	0.08646	0.67758
452.7	0.08554	0.68486
452.8	0.08438	0.69316
453	0.08326	0.7018
453.2	0.08225	0.71029
453.4	0.08143	0.71838
453.6	0.08039	0.72722
453.8	0.07939	0.73595
454	0.07848	0.74422
454.2	0.07759	0.7528
454.4	0.07669	0.76126
454.5	0.07582	0.76919
454.7	0.07501	0.77669
454.9	0.07405	0.7846
455.1	0.07315	0.79194
455.3	0.07236	0.7984
455.5	0.07161	0.80549
455.7	0.0708	0.81189
455.9	0.06999	0.81732
456	0.06923	0.82184
456.2	0.06833	0.82659
456.4	0.06742	0.83033
456.6	0.06656	0.83285
456.8	0.06584	0.83649
457	0.06502	0.83956
457.2	0.06423	0.8418
457.4	0.06356	0.84339
457.6	0.06289	0.84544
457.7	0.06221	0.84681
457.9	0.06156	0.84741
458.1	0.06082	0.84842
458.3	0.06004	0.84917
458.5	0.05928	0.8494
458.7	0.05865	0.84927
458.9	0.05778	0.8496
459.1	0.05687	0.84952
459.2	0.05597	0.849
459.4	0.0551	0.84884
459.6	0.05427	0.84858
459.8	0.05353	0.84798
460	0.05303	0.84738
460.2	0.05232	0.84763
460.4	0.05158	0.84704
460.6	0.05086	0.84571
460.8	0.05035	0.84509
460.9	0.04973	0.8435
461.1	0.0491	0.84094
461.3	0.0485	0.83783
461.5	0.04781	0.83528
461.7	0.04714	0.83143
461.9	0.04652	0.82651
462.1	0.04593	0.82218
462.3	0.04521	0.81648
462.4	0.04449	0.80962
462.6	0.04387	0.80218
462.8	0.04322	0.79514
463	0.04254	0.78696
463.2	0.04184	0.77796
463.4	0.04114	0.76951
463.6	0.04038	0.76024
463.8	0.03961	0.75031
464	0.03885	0.74033
464.1	0.03809	0.73187
464.3	0.0374	0.72261
464.5	0.0368	0.71309
464.7	0.03628	0.7046
464.9	0.03569	0.69447
465.1	0.03511	0.68405
465.3	0.03455	0.67397
465.5	0.03381	0.66379
465.6	0.03307	0.65324
465.8	0.03235	0.64286
466	0.03185	0.63366
466.2	0.03129	0.62341
466.4	0.03073	0.61314
466.6	0.0302	0.6034
466.8	0.02957	0.59341
467	0.02899	0.58325
467.2	0.02846	0.57348
467.3	0.02794	0.56523
467.5	0.02742	0.55589
467.7	0.02691	0.54668
467.9	0.02642	0.53805
468.1	0.02584	0.53028
468.3	0.02525	0.52207
468.5	0.02469	0.5141
468.7	0.02428	0.50724
468.8	0.02395	0.49881
469	0.02364	0.49009
469.2	0.02336	0.48151
469.4	0.02288	0.47272
469.6	0.02238	0.46341
469.8	0.02187	0.45414
470	0.02138	0.4457
470.2	0.02093	0.43648
470.4	0.02053	0.42719
470.5	0.02022	0.41822
470.7	0.01978	0.40973
470.9	0.01932	0.40051
471.1	0.01886	0.39145
471.3	0.01844	0.38319
471.5	0.01805	0.3747
471.7	0.01769	0.36639
471.9	0.01736	0.35866
472	0.01706	0.3517
472.2	0.0167	0.34421
472.4	0.01639	0.33691
472.6	0.01612	0.33058
472.8	0.01596	0.32304
473	0.01583	0.31538
473.2	0.01574	0.30797
473.4	0.01557	0.30101
473.6	0.01532	0.29316
473.7	0.01507	0.28534
473.9	0.01482	0.27805
474.1	0.01458	0.27041
474.3	0.01434	0.26272
474.5	0.01411	0.25532
474.7	0.01389	0.24825
474.9	0.01371	0.24054
475.1	0.01355	0.23312
475.2	0.01344	0.22644
475.4	0.01328	0.21936
475.6	0.01314	0.21253
475.8	0.01302	0.20624
476	0.0129	0.2009
476.2	0.01277	0.19505
476.4	0.01267	0.18971
476.6	0.01258	0.18523
476.8	0.01252	0.1798
476.9	0.01249	0.17463
477.1	0.01249	0.16993
477.3	0.01253	0.16556
477.5	0.01248	0.16094
477.7	0.01244	0.15672
477.9	0.01242	0.1531
478.1	0.01242	0.14901
478.3	0.01244	0.14512
478.4	0.01248	0.14171
478.6	0.01253	0.13889
478.8	0.01256	0.13558
479	0.0126	0.13259
479.2	0.01264	0.13006
479.4	0.01261	0.12728
479.6	0.01261	0.12478
479.8	0.01265	0.12269
480	0.01271	0.12113
480.1	0.0128	0.11917
480.3	0.0129	0.11749
480.5	0.01302	0.11618
480.7	0.01316	0.11447
480.9	0.0133	0.11287
481.1	0.01344	0.11148
481.3	0.01356	0.11031
481.5	0.01369	0.10892
481.6	0.01381	0.10761
481.8	0.01394	0.10644
482	0.01406	0.10524
482.2	0.0142	0.10389
482.4	0.01434	0.10264
482.6	0.01448	0.10163
482.8	0.0146	0.10059
483	0.0147	0.09961
483.2	0.01479	0.09874
483.3	0.01475	0.09782
483.5	0.01473	0.09683
483.7	0.01473	0.09592
483.9	0.01472	0.09515
484.1	0.01482	0.09434
484.3	0.01494	0.09357
484.5	0.01509	0.09289
484.7	0.01525	0.09204
484.8	0.01542	0.09123
485	0.01559	0.09049
485.2	0.01577	0.08995
485.4	0.01595	0.08929
485.6	0.01611	0.08867
485.8	0.01627	0.08813
486	0.01642	0.08762
486.2	0.01657	0.087
486.4	0.01671	0.08643
486.5	0.01685	0.08595
486.7	0.01698	0.08558
486.9	0.01708	0.08527
487.1	0.01717	0.08502
487.3	0.01723	0.08477
487.5	0.01725	0.08441
487.7	0.01724	0.08408
487.9	0.01718	0.08381
488	0.01723	0.08349
488.2	0.01727	0.08321
488.4	0.01732	0.08299
488.6	0.01726	0.0828
488.8	0.01718	0.08253
489	0.01716	0.08228
489.2	0.01721	0.08207
489.4	0.01731	0.0819
489.6	0.01746	0.08178
489.7	0.01765	0.08172
489.9	0.01787	0.08161
490.1	0.01812	0.0815
490.3	0.01838	0.08142
490.5	0.01865	0.08136
490.7	0.01896	0.08134
490.9	0.01927	0.08135
491.1	0.01959	0.0814
491.2	0.01989	0.0815
491.4	0.02019	0.0815
491.6	0.02046	0.0815
491.8	0.0207	0.0815
492	0.02091	0.0815
492.2	0.02108	0.0815
492.4	0.0212	0.0815
492.6	0.02127	0.0815
492.8	0.02127	0.0814
492.9	0.02121	0.08135
493.1	0.02107	0.08134
493.3	0.02098	0.08136
493.5	0.02096	0.08142
493.7	0.02096	0.0815
493.9	0.02099	0.08161
494.1	0.02102	0.08175
494.3	0.02104	0.0819
494.4	0.02106	0.08206
494.6	0.02108	0.08221
494.8	0.0211	0.08237
495	0.02111	0.08255
495.2	0.02112	0.08266
495.4	0.02115	0.08281
495.6	0.02117	0.08298
495.8	0.02118	0.08318
496	0.02114	0.08339
496.1	0.02111	0.0836
496.3	0.02108	0.08381
496.5	0.02107	0.08401
496.7	0.02105	0.08419
496.9	0.02103	0.08434
497.1	0.02099	0.08446
497.3	0.02104	0.08454
497.5	0.02104	0.08472
497.6	0.02099	0.08489
497.8	0.0209	0.08505
498	0.02081	0.08528
498.2	0.0207	0.08545
498.4	0.02058	0.08557
498.6	0.02039	0.08567
498.8	0.02012	0.0857
499	0.01989	0.08567
499.2	0.01969	0.08557
499.3	0.01957	0.08545
499.5	0.01947	0.08528
499.7	0.01938	0.08505
499.9	0.01932	0.08499
500.1	0.01926	0.08487
500.3	0.01921	0.08471
500.5	0.01916	0.08451
500.7	0.01925	0.08427
500.8	0.01932	0.08402
501	0.01938	0.08375
501.2	0.01939	0.08348
501.4	0.0194	0.08321
501.6	0.0194	0.08294
501.8	0.0194	0.08269
502	0.01926	0.08257
502.2	0.01909	0.08243
502.4	0.01889	0.08229
502.5	0.01865	0.08226
502.7	0.01839	0.08209
502.9	0.0181	0.08188
503.1	0.0178	0.08164
503.3	0.01758	0.08134
503.5	0.01743	0.08102
503.7	0.0173	0.08069
503.9	0.01718	0.08046
504	0.01702	0.08019
504.2	0.01688	0.07992
504.4	0.01675	0.07964
504.6	0.01665	0.07923
504.8	0.01655	0.0788
505	0.01648	0.07836
505.2	0.01645	0.07793
505.4	0.01632	0.07753
505.6	0.01618	0.07714
505.7	0.01605	0.07678
505.9	0.01585	0.07654
506.1	0.01568	0.07631
506.3	0.01556	0.07612
506.5	0.01548	0.07607
506.7	0.01544	0.0759
506.9	0.01544	0.07571
507.1	0.01548	0.07553
507.2	0.01556	0.07524
507.4	0.01568	0.07493
507.6	0.01585	0.0746
507.8	0.01605	0.07426
508	0.01616	0.074
508.2	0.01628	0.07374
508.4	0.01641	0.07347
508.6	0.01655	0.07313
508.8	0.01668	0.07275
508.9	0.01682	0.07234
509.1	0.01694	0.07191
509.3	0.01706	0.07156
509.5	0.01716	0.07119
509.7	0.01724	0.07081
509.9	0.01723	0.07045
510.1	0.01723	0.07008
510.3	0.01722	0.06975
510.4	0.01721	0.06946
510.6	0.01727	0.06923
510.8	0.01737	0.06899
511	0.01748	0.06876
511.2	0.01762	0.06844
511.4	0.0177	0.0681
511.6	0.01783	0.06776
511.8	0.01799	0.06742
512	0.01818	0.06715
512.1	0.01839	0.06686
512.3	0.01862	0.06658
512.5	0.01885	0.06632
512.7	0.01909	0.06598
512.9	0.01935	0.06566
513.1	0.01961	0.06536
513.3	0.01987	0.06502
513.5	0.02013	0.06471
513.6	0.02036	0.06444
513.8	0.02057	0.06423
514	0.02076	0.06396
514.2	0.0209	0.0637
514.4	0.02099	0.06347
514.6	0.02114	0.06328
514.8	0.02126	0.06312
515	0.02136	0.06302
515.2	0.02132	0.06298
515.3	0.02133	0.06287
515.5	0.02135	0.06277
515.7	0.02137	0.06271
515.9	0.02139	0.06265
516.1	0.0215	0.06261
516.3	0.02163	0.06261
516.5	0.02178	0.06264
516.7	0.02194	0.0626
516.8	0.0221	0.06256
517	0.02226	0.06253
517.2	0.02241	0.0625
517.4	0.02259	0.06248
517.6	0.02277	0.06247
517.8	0.02294	0.06246
518	0.0231	0.06246
518.2	0.02325	0.06248
518.4	0.02339	0.0625
518.5	0.0235	0.0625
518.7	0.02358	0.0625
518.9	0.02364	0.0625
519.1	0.02366	0.0625
519.3	0.02358	0.0625
519.5	0.02348	0.0625
519.7	0.02338	0.0625
519.9	0.0234	0.0625
520	0.02344	0.0625
520.2	0.0235	0.0625
520.4	0.02359	0.0625
520.6	0.02368	0.06248
520.8	0.0238	0.06246
521	0.02392	0.06246
521.2	0.02405	0.06247
521.4	0.02418	0.06248
521.6	0.02432	0.0625
521.7	0.02445	0.06253
521.9	0.02458	0.06249
522.1	0.0247	0.06249
522.3	0.02482	0.06252
522.5	0.02499	0.06258
522.7	0.02511	0.06267
522.9	0.02519	0.06277
523.1	0.02521	0.0629
523.2	0.02519	0.06302
523.4	0.02511	0.06316
523.6	0.02499	0.06332
523.8	0.02482	0.06339
524	0.0247	0.06351
524.2	0.02458	0.06368
524.4	0.02445	0.06388
524.6	0.02432	0.0641
524.8	0.02418	0.06434
524.9	0.02405	0.06459
525.1	0.02392	0.06477
525.3	0.0238	0.06501
525.5	0.02368	0.06527
525.7	0.02359	0.06555
525.9	0.0235	0.06581
526.1	0.02344	0.06607
526.3	0.0234	0.06632
526.4	0.02347	0.06654
526.6	0.02354	0.06684
526.8	0.02359	0.06715
527	0.02364	0.06746
527.2	0.02361	0.06769
527.4	0.02354	0.06792
527.6	0.02343	0.06816
527.8	0.02329	0.06836
528	0.02313	0.06858
528.1	0.02294	0.06879
528.3	0.02274	0.06897
528.5	0.02253	0.06925
528.7	0.02231	0.06953
528.9	0.02209	0.06981
529.1	0.02188	0.06999
529.3	0.02177	0.07008
529.5	0.02162	0.07022
529.6	0.02146	0.07037
529.8	0.02136	0.07062
530	0.02121	0.07092
530.2	0.02104	0.07124
530.4	0.02086	0.07158
530.6	0.02067	0.07196
530.8	0.02048	0.07234
531	0.02032	0.07271
531.2	0.02004	0.0731
531.3	0.01976	0.07346
531.5	0.01947	0.07379
531.7	0.01918	0.07398
531.9	0.0189	0.07426
532.1	0.01862	0.07455
532.3	0.01834	0.07485
532.5	0.01807	0.07516
532.7	0.01782	0.07539
532.8	0.0176	0.07563
533	0.01742	0.07583
533.2	0.01735	0.07603
533.4	0.0173	0.0762
533.6	0.01728	0.07633
533.8	0.0173	0.07652
534	0.01725	0.07681
534.2	0.01719	0.07712
534.4	0.01714	0.07742
534.5	0.01701	0.07765
534.7	0.01686	0.07793
534.9	0.01668	0.07822
535.1	0.01649	0.07854
535.3	0.01635	0.07885
535.5	0.01618	0.07916
535.7	0.01597	0.07945
535.9	0.01574	0.07962
536	0.01549	0.07978
536.2	0.01525	0.07993
536.4	0.015	0.0802
536.6	0.01475	0.08047
536.8	0.01451	0.08074
537	0.01426	0.081
537.2	0.01403	0.08113
537.4	0.01382	0.08137
537.6	0.01365	0.08165
537.7	0.01351	0.08198
537.9	0.01332	0.08232
538.1	0.01314	0.08268
538.3	0.01299	0.08302
538.5	0.01296	0.08325
538.7	0.01289	0.0835
538.9	0.0128	0.08375
539.1	0.01272	0.08398
539.2	0.0126	0.08432
539.4	0.01248	0.08468
539.6	0.01237	0.08502
539.8	0.01236	0.08535
540	0.01222	0.08565
540.2	0.01204	0.08591
540.4	0.01184	0.08609
540.6	0.01161	0.08637
540.8	0.01137	0.08663
540.9	0.01112	0.08687
541.1	0.0109	0.08708
541.3	0.01073	0.08726
541.5	0.01052	0.08738
541.7	0.01026	0.08737
541.9	0.00998	0.08746
542.1	0.00968	0.08756
542.3	0.00938	0.08768
542.4	0.00908	0.08779
542.6	0.0088	0.0879
542.8	0.0086	0.088
543	0.00842	0.088
543.2	0.00813	0.08815
543.4	0.00783	0.08833
543.6	0.00753	0.08855
543.8	0.00725	0.0888
544	0.00699	0.08907
544.1	0.00676	0.08934
544.3	0.00658	0.08962
544.5	0.00634	0.0899
544.7	0.00612	0.09016
544.9	0.00593	0.0904
545.1	0.00577	0.09065
545.3	0.00566	0.09088
545.5	0.0056	0.09108
545.6	0.0056	0.09124
545.8	0.00562	0.09136
546	0.00556	0.09143
546.2	0.0055	0.09144
546.4	0.00546	0.0915
546.6	0.00543	0.09156
546.8	0.00542	0.0916
547	0.00542	0.09162
547.2	0.0054	0.09161
547.3	0.00542	0.09157
547.5	0.00542	0.0915
547.7	0.00548	0.0915
547.9	0.00553	0.0915
548.1	0.00558	0.0915
548.3	0.00563	0.0915
548.5	0.00566	0.0915
548.7	0.0057	0.0915
548.8	0.00572	0.0915
549	0.00574	0.0915
549.2	0.00576	0.0915
549.4	0.00577	0.0915
549.6	0.00577	0.0915
549.8	0.00577	0.0915
550	0.00576	0.0915
550.2	0.00574	0.0915
550.4	0.00572	0.0915
550.5	0.0057	0.0915
550.7	0.00566	0.0915
550.9	0.00563	0.0915
551.1	0.00558	0.0915
551.3	0.00553	0.0915
551.5	0.00548	0.0915
551.7	0.00542	0.0915
551.9	0.00542	0.0915
552	0.00545	0.0915
552.2	0.0055	0.0915
552.4	0.0055	0.09157
552.6	0.0055	0.09161
552.8	0.0055	0.09162
553	0.0055	0.0916
553.2	0.0055	0.09156
553.4	0.0055	0.0915
553.6	0.0055	0.09141
553.7	0.0055	0.09132
553.9	0.0055	0.0912
554.1	0.0055	0.09108
554.3	0.0055	0.09095
554.5	0.0055	0.09082
554.7	0.0055	0.09068
554.9	0.0055	0.09055
555.1	0.0055	0.09044
555.2	0.0055	0.09033
555.4	0.0055	0.09023
555.6	0.0055	0.09012
555.8	0.0055	0.09002
556	0.0055	0.08994
556.2	0.0055	0.08987
556.4	0.00547	0.08982
556.6	0.00545	0.08979
556.8	0.00544	0.08979
556.9	0.00542	0.08982
557.1	0.00533	0.08977
557.3	0.00522	0.08973
557.5	0.00521	0.08968
557.7	0.00528	0.08971
557.9	0.00544	0.08971
558.1	0.00566	0.08968
558.3	0.00595	0.08963
558.4	0.00628	0.08956
558.6	0.00665	0.08948
558.8	0.00706	0.08938
559	0.00748	0.08927
559.2	0.00782	0.08917
559.4	0.00821	0.08906
559.6	0.00862	0.08895
559.8	0.00904	0.08882
560	0.00946	0.08868
560.1	0.00989	0.08855
560.3	0.01031	0.08842
560.5	0.0107	0.0883
560.7	0.01105	0.08818
560.9	0.01134	0.08809
561.1	0.01155	0.08803
561.3	0.01171	0.08798
561.5	0.01183	0.08794
561.6	0.01193	0.08791
561.8	0.01211	0.08791
562	0.01238	0.08793
562.2	0.01266	0.08797
562.4	0.01291	0.08794
562.6	0.01316	0.0879
562.8	0.0134	0.08786
563	0.0136	0.08779
563.2	0.01371	0.08773
563.3	0.01384	0.08769
563.5	0.01395	0.08765
563.7	0.01406	0.08762
563.9	0.01428	0.0876
564.1	0.01451	0.08759
564.3	0.01474	0.08759
564.5	0.01491	0.0876
564.7	0.01512	0.08762
564.8	0.01536	0.08765
565	0.01559	0.08769
565.2	0.01585	0.08773
565.4	0.01611	0.08779
565.6	0.01636	0.08786
565.8	0.01663	0.0879
566	0.01695	0.08794
566.2	0.01729	0.08797
566.4	0.01764	0.088
566.5	0.01798	0.08802
566.7	0.01832	0.08803
566.9	0.01857	0.08804
567.1	0.01884	0.08804
567.3	0.01913	0.08802
567.5	0.01942	0.088
567.7	0.01973	0.088
567.9	0.02012	0.088
568	0.02052	0.088
568.2	0.02084	0.088
568.4	0.02105	0.08793
568.6	0.02131	0.08789
568.8	0.0216	0.08788
569	0.0219	0.0879
569.2	0.02234	0.08791
569.4	0.0228	0.08796
569.6	0.02327	0.08804
569.7	0.02376	0.08808
569.9	0.02424	0.08816
570.1	0.02469	0.0883
570.3	0.02491	0.08847
570.5	0.02526	0.08868
570.7	0.02565	0.08892
570.9	0.02607	0.08918
571.1	0.0264	0.08942
571.2	0.02679	0.08969
571.4	0.0272	0.08997
571.6	0.02771	0.09025
571.8	0.02824	0.09052
572	0.02879	0.09078
572.2	0.02933	0.09102
572.4	0.02968	0.09121
572.6	0.03005	0.09138
572.8	0.03043	0.09151
572.9	0.0309	0.09152
573.1	0.03151	0.09163
573.3	0.03216	0.09175
573.5	0.03284	0.09187
573.7	0.03344	0.09188
573.9	0.03401	0.09196
574.1	0.03459	0.09207
574.3	0.03515	0.0922
574.4	0.03561	0.09244
574.6	0.03603	0.09271
574.8	0.0364	0.09301
575	0.03685	0.09333
575.2	0.03735	0.09365
575.4	0.03787	0.09397
575.6	0.03839	0.09428
575.8	0.03885	0.09451
576	0.03939	0.09478
576.1	0.03998	0.09505
576.3	0.04056	0.09532
576.5	0.04118	0.09558
576.7	0.04179	0.09585
576.9	0.04236	0.09609
577.1	0.04301	0.09634
577.3	0.04371	0.09655
577.5	0.04441	0.09673
577.6	0.04501	0.09688
577.8	0.04566	0.09705
578	0.04629	0.0972
578.2	0.04689	0.09735
578.4	0.04743	0.09761
578.6	0.04804	0.09788
578.8	0.04864	0.09816
579	0.0492	0.09841
579.2	0.04971	0.09866
579.3	0.05021	0.0989
579.5	0.05067	0.09912
579.7	0.05115	0.09932
579.9	0.05164	0.09949
580.1	0.05213	0.09961
580.3	0.05257	0.09959
580.5	0.05319	0.09969
580.7	0.05381	0.09982
580.8	0.05443	0.09996
581	0.05497	0.10014
581.2	0.05551	0.10034
581.4	0.05602	0.10054
581.6	0.05647	0.10073
581.8	0.05688	0.10091
582	0.05729	0.10107
582.2	0.05768	0.1012
582.4	0.05811	0.10131
582.5	0.05856	0.10146
582.7	0.05901	0.10164
582.9	0.05943	0.10184
583.1	0.0599	0.10206
583.3	0.06037	0.10228
583.5	0.06083	0.1025
583.7	0.06117	0.10274
583.9	0.06163	0.10298
584	0.06209	0.1032
584.2	0.06254	0.1034
584.4	0.06299	0.10356
584.6	0.06347	0.10369
584.8	0.06397	0.10377
585	0.06447	0.10394
585.2	0.06498	0.1041
585.4	0.06546	0.10425
585.6	0.06581	0.10439
585.7	0.06621	0.1045
585.9	0.06661	0.10458
586.1	0.06697	0.10464
586.3	0.06728	0.10466
586.5	0.06771	0.10465
586.7	0.06811	0.1046
586.9	0.06847	0.1045
587.1	0.06888	0.1045
587.2	0.06926	0.1045
587.4	0.0696	0.1045
587.6	0.06987	0.1045
587.8	0.07013	0.1045
588	0.07034	0.1045
588.2	0.0705	0.1044
588.4	0.07069	0.10435
588.6	0.07085	0.10434
588.8	0.07095	0.10436
588.9	0.071	0.10442
589.1	0.07112	0.1045
589.3	0.07122	0.10461
589.5	0.0713	0.10475
589.7	0.07124	0.10499
589.9	0.07119	0.10521
590.1	0.07113	0.1054
590.3	0.07118	0.10555
590.4	0.07128	0.10567
590.6	0.0714	0.10577
590.8	0.07155	0.10583
591	0.07172	0.10586
591.2	0.07189	0.10586
591.4	0.07208	0.10583
591.6	0.07227	0.10577
591.8	0.07245	0.10567
592	0.07263	0.10555
592.1	0.07279	0.1054
592.3	0.07294	0.10521
592.5	0.0731	0.10499
592.7	0.07325	0.10475
592.9	0.07339	0.10461
593.1	0.07342	0.1045
593.3	0.07347	0.10442
593.5	0.07352	0.10436
593.6	0.07356	0.10434
593.8	0.07359	0.10435
594	0.0736	0.1044
594.2	0.07356	0.1045
594.4	0.07365	0.1045
594.6	0.07376	0.1045
594.8	0.07388	0.1045
595	0.07403	0.1045
595.2	0.07418	0.1045
595.3	0.07435	0.1045
595.5	0.07451	0.1045
595.7	0.07468	0.1045
595.9	0.07484	0.1045
596.1	0.075	0.1045
596.3	0.07504	0.1045
596.5	0.07512	0.1045
596.7	0.07522	0.1045
596.8	0.07533	0.1045
597	0.07534	0.10452
597.2	0.0754	0.10454
597.4	0.07549	0.10454
597.6	0.07551	0.10461
597.8	0.07568	0.10463
598	0.07593	0.10462
598.2	0.07625	0.10458
598.4	0.07651	0.1045
598.5	0.07686	0.1044
598.7	0.07728	0.10428
598.9	0.07768	0.10423
599.1	0.07818	0.10413
599.3	0.07874	0.10397
599.5	0.07936	0.10377
599.7	0.07989	0.10354
599.9	0.08049	0.10328
600	0.08113	0.103
600.2	0.0817	0.10273
600.4	0.0823	0.10244
600.6	0.08292	0.10215
600.8	0.0835	0.1019
601	0.08413	0.10165
601.2	0.08477	0.10139
601.4	0.08541	0.10114
601.6	0.086	0.10092
601.7	0.08669	0.1008
601.9	0.08715	0.10066
602.1	0.08765	0.10051
602.3	0.08823	0.10018
602.5	0.08887	0.09986
602.7	0.08954	0.09955
602.9	0.0902	0.09927
603.1	0.09087	0.09894
603.2	0.09157	0.09869
603.4	0.09217	0.09853
603.6	0.09292	0.09833
603.8	0.0937	0.09818
604	0.09447	0.09808
604.2	0.09514	0.09805
604.4	0.09579	0.09816
604.6	0.0965	0.09828
604.8	0.09723	0.09841
604.9	0.0981	0.09849
605.1	0.09897	0.0986
605.3	0.09981	0.09873
605.5	0.10054	0.09914
605.7	0.10124	0.09944
605.9	0.10196	0.0996
606.1	0.10266	0.09964
606.3	0.10322	0.09958
606.4	0.10375	0.09924
606.6	0.10451	0.09877
606.8	0.10521	0.09823
607	0.10589	0.09767
607.2	0.10664	0.097
607.4	0.10741	0.09623
607.6	0.1081	0.09545
607.8	0.10892	0.09472
608	0.10974	0.09396
608.1	0.11065	0.0932
608.3	0.11145	0.09245
608.5	0.11225	0.09175
608.7	0.11302	0.09111
608.9	0.11371	0.09057
609.1	0.11458	0.08998
609.3	0.11548	0.08946
609.5	0.11637	0.08902
609.6	0.11715	0.08874
609.8	0.1179	0.08861
610	0.11856	0.08864
610.2	0.11925	0.08849
610.4	0.11999	0.08829
610.6	0.12067	0.08808
610.8	0.12126	0.08788
611	0.12172	0.0878
611.2	0.12218	0.0877
611.3	0.12261	0.0876
611.5	0.1231	0.08741
611.7	0.12371	0.08717
611.9	0.12431	0.08693
612.1	0.12487	0.08668
612.3	0.12547	0.08635
612.5	0.12602	0.08599
612.7	0.12651	0.08564
612.8	0.12694	0.08529
613	0.12731	0.08495
613.2	0.12767	0.08463
613.4	0.12797	0.08434
613.6	0.12837	0.08416
613.8	0.12876	0.08396
614	0.12912	0.08377
614.2	0.12943	0.08359
614.4	0.12978	0.08343
614.5	0.13009	0.08332
614.7	0.13034	0.08325
614.9	0.13056	0.08309
615.1	0.13071	0.08295
615.3	0.13079	0.08284
615.5	0.13077	0.08277
615.7	0.13084	0.08259
615.9	0.13095	0.08241
616	0.13109	0.08223
616.2	0.13134	0.08206
616.4	0.13157	0.0819
616.6	0.13175	0.08175
616.8	0.13189	0.08161
617	0.13199	0.0815
617.2	0.13204	0.08142
617.4	0.13204	0.08136
617.6	0.13199	0.08134
617.7	0.13201	0.08135
617.9	0.13203	0.0814
618.1	0.13204	0.0815
618.3	0.13203	0.0815
618.5	0.13201	0.0815
618.7	0.13199	0.0815
618.9	0.13204	0.0814
619.1	0.13204	0.08135
619.2	0.13199	0.08134
619.4	0.13189	0.08136
619.6	0.13175	0.08142
619.8	0.13157	0.0815
620	0.13134	0.08161
620.2	0.13109	0.08165
620.4	0.13095	0.08174
620.6	0.13084	0.08189
620.8	0.13077	0.08209
620.9	0.13059	0.08233
621.1	0.13041	0.08259
621.3	0.13023	0.08288
621.5	0.13025	0.08309
621.7	0.1302	0.08332
621.9	0.13007	0.08361
622.1	0.12989	0.08394
622.3	0.12967	0.08422
622.4	0.12948	0.08454
622.6	0.12925	0.0849
622.8	0.12897	0.08515
623	0.12866	0.08539
623.2	0.12835	0.08569
623.4	0.12813	0.08602
623.6	0.12775	0.08633
623.8	0.12775	0.0868
624	0.1273	0.08738
624.1	0.12681	0.08804
624.3	0.12628	0.0886
624.5	0.12574	0.08929
624.7	0.12522	0.09008
624.9	0.12473	0.09084
625.1	0.12424	0.09178
625.3	0.12377	0.09284
625.5	0.12344	0.09388
625.6	0.12314	0.095
625.8	0.12287	0.09619
626	0.12263	0.0974
626.2	0.12245	0.09837
626.4	0.12207	0.09953
626.6	0.12169	0.1008
626.8	0.12129	0.10202
627	0.12093	0.10337
627.2	0.12063	0.10474
627.3	0.12028	0.10589
627.5	0.12003	0.10694
627.7	0.11988	0.10803
627.9	0.11972	0.10932
628.1	0.11964	0.11065
628.3	0.1194	0.11218
628.5	0.11911	0.11391
628.7	0.1188	0.11577
628.8	0.11854	0.1173
629	0.11825	0.11926
629.2	0.11795	0.12138
629.4	0.11763	0.12335
629.6	0.11727	0.12545
629.8	0.11691	0.12778
630	0.11657	0.13026
630.2	0.11631	0.13215
630.4	0.11591	0.13444
630.5	0.11544	0.137
630.7	0.11489	0.13948
630.9	0.1143	0.14227
631.1	0.11368	0.14536
631.3	0.11305	0.14863
631.5	0.11247	0.1514
631.7	0.11193	0.15438
631.9	0.11146	0.15753
632	0.11106	0.16087
632.2	0.11077	0.16414
632.4	0.1104	0.16795
632.6	0.11005	0.17194
632.8	0.10963	0.17533
633	0.10924	0.17917
633.2	0.10888	0.18327
633.4	0.10857	0.18724
633.6	0.10822	0.19107
633.7	0.10791	0.19526
633.9	0.10766	0.19958
634.1	0.10754	0.20288
634.3	0.10744	0.20697
634.5	0.10738	0.21146
634.7	0.10737	0.21589
634.9	0.10714	0.22073
635.1	0.10689	0.22616
635.2	0.10663	0.23194
635.4	0.10637	0.23732
635.6	0.10611	0.24341
635.8	0.10586	0.24977
636	0.10563	0.25606
636.2	0.10543	0.26267
636.4	0.10526	0.26955
636.6	0.10513	0.27637
636.8	0.10506	0.28276
636.9	0.1049	0.28953
637.1	0.10475	0.29594
637.3	0.10461	0.30175
637.5	0.1045	0.30787
637.7	0.10442	0.31351
637.9	0.10436	0.31834
638.1	0.10434	0.32244
638.3	0.10435	0.32642
638.4	0.1044	0.32952
638.6	0.1045	0.33167
638.8	0.1044	0.33448
639	0.10435	0.3367
639.2	0.10434	0.3381
639.4	0.10436	0.33891
639.6	0.10432	0.34006
639.8	0.10435	0.34063
640	0.10445	0.34053
640.1	0.10458	0.34114
640.3	0.10477	0.34143
640.5	0.10502	0.34124
640.7	0.10524	0.3408
640.9	0.10542	0.34084
641.1	0.10571	0.34053
641.3	0.10609	0.33987
641.5	0.10653	0.33983
641.6	0.10701	0.33941
641.8	0.10753	0.33863
642	0.1079	0.33784
642.2	0.10827	0.33708
642.4	0.10877	0.33578
642.6	0.10938	0.33404
642.8	0.10973	0.33252
643	0.11027	0.33057
643.2	0.11096	0.32817
643.3	0.11168	0.32549
643.5	0.11242	0.32285
643.7	0.11338	0.31974
643.9	0.11449	0.3163
644.1	0.11532	0.31312
644.3	0.11652	0.3096
644.5	0.11795	0.30588
644.7	0.11957	0.30229
644.8	0.12065	0.2989
645	0.12212	0.29521
645.2	0.12388	0.2914
645.4	0.12542	0.28799
645.6	0.12722	0.28428
645.8	0.1295	0.28049
646	0.13184	0.27696
646.2	0.13306	0.27378
646.4	0.13529	0.27026
646.5	0.13831	0.26661
646.7	0.14194	0.26279
646.9	0.14625	0.25835
647.1	0.15115	0.25398
647.3	0.15646	0.24977
647.5	0.16098	0.24555
647.7	0.16634	0.2412
647.9	0.1723	0.23691
648	0.17785	0.23289
648.2	0.18411	0.2287
648.4	0.19088	0.22452
648.6	0.19779	0.22059
648.8	0.20391	0.2167
649	0.2107	0.21282
649.2	0.21782	0.20916
649.4	0.22423	0.20582
649.6	0.23114	0.20222
649.7	0.23839	0.19873
649.9	0.2456	0.19551
650.1	0.25146	0.19242
650.3	0.25822	0.18928
650.5	0.2652	0.18638
650.7	0.27191	0.18384
650.9	0.2804	0.18048
651.1	0.28943	0.17707
651.2	0.29866	0.17374
651.4	0.30676	0.17072
651.6	0.31537	0.16776
651.8	0.32397	0.1649
652	0.33164	0.16249
652.2	0.34045	0.15956
652.4	0.34931	0.15679
652.6	0.35785	0.15429
652.8	0.36572	0.15207
652.9	0.37392	0.14962
653.1	0.38187	0.14731
653.3	0.38925	0.14533
653.5	0.39708	0.14314
653.7	0.40478	0.14098
653.9	0.41201	0.13894
654.1	0.4185	0.13719
654.3	0.42549	0.1351
654.4	0.4321	0.13303
654.6	0.43793	0.13108
654.8	0.44528	0.1289
655	0.45237	0.12674
655.2	0.45893	0.12469
655.4	0.46548	0.12271
655.6	0.47192	0.12056
655.8	0.47761	0.11848
656	0.48229	0.11666
656.1	0.48775	0.11466
656.3	0.49252	0.11265
656.5	0.49642	0.11073
656.7	0.50003	0.10892
656.9	0.50338	0.10711
657.1	0.50585	0.10542
657.3	0.50727	0.10408
657.5	0.50951	0.10252
657.6	0.51111	0.10102
657.8	0.51196	0.09967
658	0.51248	0.09845
658.2	0.51336	0.09718
658.4	0.51351	0.09591
658.6	0.51287	0.09474
658.8	0.51343	0.09321
659	0.51346	0.09163
659.2	0.51296	0.09007
659.3	0.51272	0.08871
659.5	0.5124	0.08722
659.7	0.5114	0.08575
659.9	0.50985	0.08432
660.1	0.50889	0.08287
660.3	0.507	0.08146
660.5	0.5043	0.08018
660.7	0.50162	0.07901
660.8	0.4985	0.07789
661	0.49454	0.07682
661.2	0.48999	0.0758
661.4	0.4858	0.07483
661.6	0.48078	0.0739
661.8	0.47514	0.07302
662	0.46997	0.07219
662.2	0.46448	0.07141
662.4	0.45843	0.07068
662.5	0.45209	0.06999
662.7	0.446	0.06935
662.9	0.43933	
663.1	0.43251	
663.3	0.42614	
663.5	0.4198	
663.7	0.41341	
663.9	0.40725	
664	0.40128	
664.2	0.39502	
664.4	0.38905	
664.6	0.38383	
664.8	0.37812	
665	0.37258	
665.2	0.36745	
665.4	0.36272	
665.6	0.35772	
665.7	0.35298	
665.9	0.34877	
666.1	0.34438	
666.3	0.34008	
666.5	0.33609	
666.7	0.33184	
666.9	0.32728	
667.1	0.32278	
667.2	0.31863	
667.4	0.31425	
667.6	0.30986	
667.8	0.30566	
668	0.30173	
668.2	0.29728	
668.4	0.2929	
668.6	0.28878	
668.8	0.28476	
668.9	0.28078	
669.1	0.27702	
669.3	0.2736	
669.5	0.2699	
669.7	0.26635	
669.9	0.26318	
670.1	0.25975	
670.3	0.2563	
670.4	0.25302	
670.6	0.25022	
670.8	0.24684	
671	0.2435	
671.2	0.24037	
671.4	0.23731	
671.6	0.23405	
671.8	0.23088	
672	0.22801	
672.1	0.22477	
672.3	0.22156	
672.5	0.21855	
672.7	0.21564	
672.9	0.2126	
673.1	0.2097	
673.3	0.20735	
673.5	0.20461	
673.6	0.20187	
673.8	0.19927	
674	0.19691	
674.2	0.1943	
674.4	0.19167	
674.6	0.18914	
674.8	0.18625	
675	0.18337	
675.2	0.18062	
675.3	0.17812	
675.5	0.1754	
675.7	0.17268	
675.9	0.17008	
676.1	0.16717	
676.3	0.16428	
676.5	0.16152	
676.7	0.15906	
676.8	0.15643	
677	0.15389	
677.2	0.15161	
677.4	0.14936	
677.6	0.14711	
677.8	0.145	
678	0.14317	
678.2	0.14102	
678.4	0.13887	
678.5	0.13697	
678.7	0.13458	
678.9	0.13205	
679.1	0.12952	
679.3	0.12717	
679.5	0.12479	
679.7	0.12245	
679.9	0.12036	
680	0.1179	
680.2	0.11538	
680.4	0.1129	
680.6	0.1108	
680.8	0.1086	
681	0.10644	
681.2	0.10443	
681.4	0.10249	
681.6	0.10049	
681.7	0.09855	
681.9	0.09683	
682.1	0.09477	
682.3	0.09275	
682.5	0.09098	
682.7	0.0889	
682.9	0.08678	
683.1	0.08472	
683.2	0.08268	
683.4	0.08081	
683.6	0.07897	
683.8	0.07716	
684	0.07537	
684.2	0.07361	
684.4	0.07188	
684.6	0.07017	
684.8	0.06849	
684.9	0.06683	
685.1	0.0652	
685.3	0.0636	
685.5	0.06202	
685.7		
685.9		
686.1		
686.3		
686.4		
686.6		
686.8		
687		
687.2		
687.4		
687.6		
687.8		
688		
688.1		
688.3		
688.5		
688.7		
688.9		
689.1		
689.3		
689.5		
689.6		
689.8		
690		
690.2		
690.4		
690.6		
690.8		
691		
691.2		
691.3		
691.5		
691.7		
691.9		
692.1		
692.3		
692.5		
692.7		
692.8		
693		
693.2		
693.4		
693.6		
693.8		
694		
694.2		
694.4		
694.5		
694.7		
694.9		
695.1		
695.3		
695.5		
695.7		
695.9		
696		
696.2		
696.4		
696.6		
696.8		
697		
697.2		
697.4		
697.6		
697.7		
697.9		
698.1		
698.3		
698.5		
698.7		
698.9		
699.1		
699.2		
699.4		
699.6		
699.8		
700		